0.550662
0.519697
0.676259
0.774041
0.722883
0.537026
0.554849
0.495222
0.574821
0.738463
0.699390
0.417340
0.537283
0.787460
0.670628
0.573532
0.719876
0.640662
0.676419
0.643445
0.678366
0.782666
0.699312
0.725851
0.675630
0.726648
0.590698
0.406744
0.666456
0.493661
0.717233
0.785033
0.793502
0.727332
0.715826
0.602140
0.491936
0.719705
0.659438
0.736908
0.823601
0.672196
0.666933
0.669830
0.787788
0.517237
0.778315
0.622482
0.762018
0.657062
0.814506
0.814319
0.729469
0.828315
0.729321
0.655562
0.408060
0.684357
0.346404
0.833137
0.739816
0.746547
0.609620
0.756245
0.600320
0.676063
0.838142
0.779780
0.659719
0.640719
0.752563
0.758070
0.818214
0.425146
0.792492
0.759048
0.740087
0.664953
0.577186
0.608095
0.794076
0.762533
0.668195
0.700268
0.278843
0.700581
0.824925
0.283271
0.492548
0.753366
0.369356
0.612723
0.759586
0.615879
0.866232
0.687658
0.684095
0.834314
0.764446
0.540603
0.788964
