0.037797
0.046186
0.043612
0.068284
0.043703
0.058225
0.035894
0.046491
0.042176
0.068800
0.061180
0.047331
0.037824
0.056876
0.062206
0.035307
0.064480
0.037420
0.056174
0.049084
0.059501
0.051942
0.060379
0.050402
0.042035
0.058563
0.078290
0.048959
0.032780
0.038681
0.047484
0.070368
0.059689
0.055863
0.068541
0.056542
0.045167
0.083635
0.057337
0.067749
0.138194
0.057342
0.051129
0.047612
0.070108
0.052625
0.109403
0.060798
0.085564
0.066662
0.058777
0.069321
0.055839
0.055589
0.062246
0.039993
0.034720
0.043802
0.045034
0.069002
0.073628
0.061963
0.046564
0.053307
0.062419
0.069305
0.089006
0.057637
0.048316
0.037133
0.101436
0.053084
0.051501
0.048564
0.046712
0.052285
0.041980
0.045294
0.043576
0.044650
0.055740
0.067310
0.059086
0.083156
0.046104
0.060495
0.055179
0.045041
0.031748
0.043371
0.035926
0.048925
0.063233
0.060273
0.087879
0.035645
0.059145
0.064146
0.050581
0.041962
0.060395
