0.106109
0.112871
0.149805
0.233215
0.171451
0.129348
0.099592
0.106777
0.106737
0.226043
0.201891
0.081686
0.103878
0.223720
0.187819
0.106185
0.222906
0.123802
0.171801
0.167898
0.200774
0.194896
0.192293
0.183224
0.148110
0.203155
0.173110
0.080356
0.126425
0.097081
0.170093
0.245817
0.231690
0.189532
0.220689
0.151057
0.101150
0.241959
0.181075
0.202066
0.368918
0.185555
0.151329
0.142679
0.240085
0.116098
0.306376
0.159012
0.255041
0.200096
0.234429
0.269353
0.192756
0.240476
0.200588
0.133778
0.073405
0.166191
0.065509
0.269671
0.236797
0.213575
0.132014
0.212483
0.149786
0.198840
0.298347
0.219951
0.153432
0.124465
0.289009
0.198895
0.228565
0.085907
0.196080
0.211822
0.174241
0.162772
0.108975
0.136758
0.197039
0.211236
0.174423
0.215272
0.055191
0.181518
0.221471
0.055696
0.077267
0.196222
0.063885
0.156816
0.226845
0.150360
0.323591
0.136460
0.182742
0.252587
0.206714
0.103169
0.233243
