0.206251
0.193947
0.230375
0.203240
0.210535
0.235040
0.226302
0.213971
0.234067
0.195576
0.220582
0.202678
0.200805
0.198133
0.227337
0.217448
0.199803
0.212113
0.258514
0.209127
0.210129
0.222089
0.217442
0.212517
0.191877
0.257011
0.206951
0.218474
0.213518
0.232661
0.192662
0.299744
0.276052
0.232362
0.237483
0.229043
0.209029
0.175342
0.199594
0.253748
0.209880
0.195559
0.257397
0.192028
0.245809
0.246976
0.209042
0.200158
0.219525
0.203887
0.236728
0.213723
0.244588
0.255354
0.202166
0.171713
0.210547
0.186004
0.237795
0.195926
0.208909
0.244104
0.210556
0.223178
0.212532
0.225779
0.217534
0.256522
0.208556
0.194508
0.200608
0.243047
0.200589
0.207410
0.215966
0.235712
0.227975
0.237278
0.289854
0.238367
0.227817
0.264969
0.318177
0.205490
0.193346
0.206110
0.217814
0.246664
0.226071
0.237132
0.246600
0.255161
0.256473
0.178838
0.177089
0.259357
0.227187
0.241940
0.201864
0.210248
0.248597
