0.165118
0.206290
0.061121
0.150821
0.249607
0.365159
0.187148
0.178948
0.217137
0.182981
0.119069
0.163234
0.160362
0.173397
0.143208
0.150141
0.132611
0.170378
0.251926
0.259261
0.144503
0.179738
0.233851
0.278155
0.118861
0.219902
0.142804
0.175931
0.144812
0.360285
0.176592
0.183968
0.199587
0.067940
0.149822
0.257160
0.176242
0.171671
0.069642
0.244335
0.249310
0.238921
0.297857
0.162679
0.328254
0.174357
0.132989
0.239173
0.115941
0.198407
0.166537
0.187683
0.182519
0.243506
0.156172
0.168220
0.224856
0.166184
0.164928
0.163248
0.123475
0.140990
0.204735
0.281606
0.213869
0.190292
0.212830
0.103613
0.203639
0.198656
0.161062
0.220908
0.189449
0.178318
0.197782
0.164416
0.320847
0.186124
0.110549
0.259129
0.104027
0.171694
0.286579
0.201264
0.163511
0.117102
0.237819
0.056536
0.214580
0.208605
0.142965
0.186084
0.074353
0.080940
0.083262
0.165624
0.210770
0.182943
0.161247
0.207591
0.040792
