0.052767
0.054523
0.042508
0.048515
0.065106
0.101735
0.060495
0.053571
0.071236
0.051325
0.047360
0.044153
0.042471
0.048943
0.051957
0.053106
0.045161
0.054958
0.087185
0.067500
0.048741
0.051534
0.067063
0.072102
0.042289
0.075542
0.050667
0.051221
0.042381
0.094612
0.046060
0.087518
0.082043
0.048366
0.055158
0.073030
0.054025
0.039440
0.031443
0.079078
0.066867
0.059885
0.096663
0.045256
0.103224
0.065645
0.043299
0.061868
0.047930
0.056881
0.062899
0.051799
0.066642
0.085039
0.043317
0.038013
0.060686
0.047183
0.060377
0.046193
0.049233
0.056855
0.056125
0.077414
0.058002
0.063747
0.061930
0.052145
0.051688
0.049153
0.051723
0.073615
0.051654
0.053555
0.060655
0.061339
0.085282
0.063619
0.069694
0.080992
0.049096
0.073076
0.118890
0.056682
0.043604
0.044446
0.063947
0.041954
0.066811
0.068971
0.061533
0.065016
0.052243
0.025223
0.033124
0.064199
0.075250
0.064238
0.055008
0.056776
0.042977
