0.645397
0.733799
0.331252
0.631818
0.807156
0.843631
0.700095
0.714753
0.713472
0.697259
0.554567
0.749298
0.758198
0.701946
0.626607
0.614769
0.586703
0.657579
0.746992
0.803235
0.622975
0.774600
0.758232
0.819849
0.539299
0.748157
0.583280
0.750406
0.729575
0.885980
0.738662
0.630082
0.671557
0.326397
0.645057
0.806525
0.681900
0.763216
0.442076
0.784029
0.782524
0.780218
0.793145
0.690270
0.781682
0.655987
0.642054
0.773784
0.531018
0.711178
0.626782
0.774379
0.669873
0.731197
0.728872
0.759893
0.780125
0.655123
0.649565
0.692405
0.523936
0.605330
0.768074
0.811842
0.783661
0.673973
0.747578
0.509712
0.821667
0.786125
0.624680
0.729346
0.735697
0.690596
0.704214
0.631813
0.857684
0.694182
0.459771
0.762641
0.482713
0.622548
0.766951
0.729644
0.725031
0.543041
0.810047
0.332396
0.726085
0.717215
0.572944
0.730298
0.365017
0.573887
0.445134
0.669109
0.636336
0.689018
0.591734
0.768729
0.235957
