0.176213
0.178962
0.166285
0.168794
0.173214
0.192986
0.174434
0.188190
0.172067
0.177491
0.167403
0.177986
0.180633
0.176325
0.178469
0.168836
0.172162
0.175847
0.169366
0.183016
0.183517
0.170677
0.176399
0.176258
0.173492
0.170665
0.175493
0.178444
0.178962
0.181169
0.185867
0.179487
0.164120
0.183299
0.184363
0.183394
0.175144
0.181799
0.166633
0.171631
0.181908
0.179618
0.179998
0.171773
0.174817
0.181309
0.179706
0.190997
0.187463
0.184275
0.172459
0.168133
0.179167
0.170212
0.175775
0.180908
0.173980
0.167530
0.172697
0.168481
0.178808
0.172487
0.182780
0.187250
0.177614
0.196442
0.170476
0.183145
0.174699
0.178800
0.182367
0.193550
0.170799
0.178568
0.170169
0.175079
0.171201
0.172985
0.175163
0.177454
0.180141
0.187684
0.174957
0.169859
0.176475
0.185728
0.175133
0.175491
0.177270
0.173511
0.165867
0.180635
0.176353
0.173680
0.178084
0.178972
0.174526
0.174384
0.174487
0.170794
