0.147255
0.166119
0.143005
0.153080
0.151225
0.136179
0.143191
0.143744
0.151261
0.150619
0.157769
0.145001
0.143239
0.139107
0.139703
0.150750
0.142769
0.141169
0.156920
0.138951
0.139276
0.148982
0.154849
0.142455
0.150545
0.154204
0.145604
0.144966
0.144583
0.136498
0.118090
0.123960
0.154413
0.139712
0.155217
0.143213
0.158409
0.140612
0.160099
0.151673
0.132597
0.160924
0.155752
0.152544
0.160674
0.128453
0.143369
0.146240
0.137801
0.157758
0.147936
0.146714
0.152455
0.155105
0.156667
0.155337
0.138390
0.151180
0.151267
0.153217
0.143746
0.145618
0.139980
0.129557
0.145540
0.135206
0.152635
0.139833
0.158355
0.138608
0.157422
0.143431
0.160023
0.154190
0.152171
0.154295
0.148755
0.144264
0.153101
0.135090
0.120406
0.120021
0.144398
0.142652
0.153097
0.140199
0.143665
0.151683
0.161513
0.147656
0.163232
0.144040
0.152740
0.150906
0.149056
0.132558
0.144476
0.149455
0.135030
0.151884
