0.039206
0.041995
0.034876
0.037086
0.038868
0.044218
0.037567
0.043485
0.038168
0.040716
0.037760
0.039378
0.040497
0.038007
0.039261
0.037455
0.036805
0.038686
0.038772
0.039993
0.040737
0.037256
0.040269
0.038765
0.038768
0.037993
0.038588
0.039666
0.039590
0.038624
0.038075
0.036813
0.036012
0.040037
0.043133
0.041483
0.041125
0.040034
0.037123
0.037560
0.038817
0.042668
0.042419
0.038337
0.040999
0.037759
0.040001
0.044664
0.042021
0.043331
0.038320
0.036240
0.040918
0.037997
0.040719
0.042181
0.037546
0.036759
0.038456
0.037594
0.039694
0.037695
0.040429
0.040885
0.039663
0.045350
0.037761
0.040965
0.040256
0.038588
0.043201
0.045903
0.039472
0.041645
0.038120
0.039849
0.038053
0.037299
0.039793
0.038385
0.036115
0.039769
0.037980
0.035500
0.040284
0.041411
0.037866
0.040040
0.041278
0.038076
0.037522
0.040117
0.040284
0.038950
0.038844
0.038090
0.038004
0.038746
0.036373
0.038210
