0.661841
0.707927
0.681832
0.696733
0.673919
0.594345
0.664879
0.622081
0.681910
0.656585
0.699449
0.655398
0.638901
0.645359
0.635053
0.679526
0.667818
0.641680
0.685464
0.635873
0.627433
0.682515
0.678322
0.647724
0.673707
0.692678
0.662183
0.652151
0.653568
0.640254
0.576465
0.604379
0.703726
0.639631
0.663437
0.633134
0.674635
0.638533
0.718636
0.693078
0.621381
0.677431
0.660901
0.683480
0.685109
0.616793
0.644090
0.625370
0.614749
0.670899
0.665789
0.680678
0.667556
0.694803
0.676300
0.666211
0.641275
0.689006
0.679297
0.686661
0.647528
0.666334
0.632862
0.593356
0.651737
0.585678
0.689088
0.625167
0.687213
0.642253
0.664533
0.604777
0.692430
0.661152
0.679301
0.677904
0.669252
0.669069
0.673930
0.624514
0.600587
0.566427
0.665187
0.682563
0.670677
0.628793
0.664453
0.664819
0.693623
0.672862
0.721579
0.648575
0.668661
0.672893
0.683367
0.622853
0.663480
0.672648
0.647752
0.678901
