0.619917
0.543235
0.648060
0.615170
0.615423
0.553390
0.558802
0.632502
0.656883
0.634234
0.502649
0.581043
0.549579
0.545902
0.638785
0.620397
0.589348
0.618578
0.620570
0.546346
0.632228
0.650885
0.515959
0.562512
0.545150
0.607446
0.595349
0.621684
0.609639
0.632287
0.616420
0.505403
0.632119
0.623928
0.636491
0.646229
0.637879
0.646788
0.674009
0.642202
0.656327
0.623588
0.616264
0.701449
0.535473
0.546997
0.612210
0.534326
0.583709
0.710261
0.533022
0.683874
0.589792
0.684772
0.586691
0.666021
0.609032
0.653543
0.625963
0.595426
0.617222
0.539265
0.569019
0.679866
0.664023
0.578264
0.592178
0.589008
0.577181
0.585265
0.580484
0.623823
0.598888
0.618721
0.614025
0.591792
0.586537
0.678447
0.543777
0.595041
0.649865
0.621794
0.588259
0.552544
0.628156
0.636715
0.632068
0.662432
0.605984
0.640633
0.653154
0.677240
0.688638
0.601387
0.582442
0.554103
0.570514
0.639407
0.624040
0.549908
