0.163472
0.167024
0.157887
0.155067
0.155270
0.171687
0.161517
0.153409
0.154666
0.167662
0.162294
0.154156
0.160088
0.167091
0.154674
0.163727
0.160006
0.162046
0.158255
0.175335
0.158393
0.151181
0.174951
0.174541
0.161464
0.161128
0.156912
0.165655
0.164450
0.161185
0.149908
0.165728
0.162467
0.153336
0.156002
0.161255
0.147013
0.170266
0.155913
0.158816
0.162706
0.157883
0.159160
0.150847
0.170623
0.161989
0.151999
0.177308
0.172111
0.145413
0.169402
0.154919
0.163825
0.153747
0.157581
0.156217
0.165337
0.159366
0.153101
0.153562
0.174347
0.164842
0.158127
0.156662
0.161541
0.162785
0.158003
0.170291
0.167579
0.159928
0.161969
0.158327
0.165507
0.164714
0.167829
0.166316
0.168131
0.161509
0.172634
0.160744
0.147397
0.162627
0.164960
0.166632
0.162184
0.151798
0.156743
0.156104
0.160768
0.155125
0.146840
0.153892
0.142766
0.154718
0.154660
0.170251
0.160518
0.160187
0.159803
0.163738
