0.081499
0.076886
0.086115
0.086168
0.078879
0.076809
0.080668
0.083437
0.105249
0.074608
0.062325
0.080783
0.074182
0.074113
0.087661
0.074422
0.084252
0.081448
0.090029
0.065553
0.083809
0.091817
0.077807
0.066879
0.078721
0.077237
0.085144
0.081605
0.082288
0.073467
0.078774
0.067465
0.079745
0.083702
0.091270
0.090335
0.094522
0.075413
0.090375
0.095581
0.086574
0.090743
0.083247
0.103146
0.076501
0.072766
0.083377
0.065886
0.077863
0.098573
0.074305
0.087621
0.077787
0.097343
0.087530
0.097508
0.077358
0.092650
0.096185
0.086115
0.076538
0.071498
0.073932
0.098010
0.081899
0.084060
0.088377
0.081550
0.067629
0.086621
0.081430
0.092880
0.097643
0.083956
0.089748
0.072123
0.067378
0.081886
0.070886
0.087065
0.092712
0.079839
0.079116
0.074147
0.082281
0.093281
0.090389
0.096602
0.098038
0.098350
0.096298
0.099752
0.090085
0.082298
0.076942
0.074721
0.072090
0.083204
0.085262
0.069651
