0.021491
0.023640
0.020980
0.021721
0.019901
0.023830
0.023316
0.020237
0.024781
0.019723
0.020123
0.021432
0.021609
0.022685
0.021226
0.019641
0.022874
0.021337
0.022959
0.021038
0.020997
0.021326
0.026383
0.020752
0.023316
0.020488
0.022441
0.021745
0.022197
0.018728
0.019157
0.022123
0.020496
0.020571
0.022370
0.022541
0.021785
0.019852
0.020906
0.023637
0.021462
0.022975
0.021500
0.022182
0.024376
0.021549
0.020701
0.021863
0.022959
0.020181
0.023615
0.019849
0.021607
0.021856
0.023510
0.022871
0.021001
0.022593
0.023525
0.022209
0.021620
0.021855
0.020545
0.022585
0.019924
0.023663
0.023581
0.023577
0.019636
0.023670
0.022721
0.023573
0.026984
0.022351
0.024530
0.020269
0.019314
0.019494
0.022504
0.023520
0.021028
0.020881
0.022186
0.022361
0.021244
0.022239
0.022415
0.022765
0.026010
0.023815
0.021649
0.022667
0.018676
0.021173
0.020431
0.022959
0.020283
0.020845
0.021834
0.020739
