0.196150
0.212655
0.196877
0.226633
0.184262
0.241737
0.199973
0.215621
0.227135
0.224765
0.211938
0.241821
0.195634
0.200195
0.222114
0.190704
0.208240
0.193646
0.221172
0.188107
0.201039
0.208588
0.219579
0.199670
0.191749
0.209469
0.267146
0.247823
0.172804
0.196696
0.200228
0.224725
0.204426
0.214376
0.222321
0.225388
0.219666
0.248772
0.208811
0.247073
0.308516
0.207728
0.225335
0.223520
0.230043
0.234456
0.277926
0.238007
0.255650
0.218901
0.204216
0.209574
0.211318
0.191476
0.226319
0.195979
0.193011
0.180373
0.238137
0.213178
0.230034
0.216591
0.215025
0.189724
0.250167
0.235641
0.250044
0.204338
0.207747
0.191154
0.264134
0.202326
0.184362
0.240339
0.188795
0.187360
0.178311
0.185036
0.230799
0.198535
0.224636
0.242979
0.226354
0.270501
0.232931
0.233485
0.205530
0.229080
0.202380
0.166516
0.207710
0.191165
0.211733
0.246879
0.235246
0.179623
0.221410
0.211880
0.187052
0.219879
0.204293
