0.070417
0.079519
0.078429
0.056126
0.113022
0.097044
0.071405
0.135994
0.116969
0.107113
0.091205
0.114320
0.113079
0.114804
0.087227
0.064078
0.086915
0.119121
0.161690
0.097839
0.074860
0.116391
0.102806
0.122224
0.091365
0.072279
0.088747
0.049476
0.073124
0.073519
0.105551
0.072719
0.111463
0.078863
0.100460
0.054493
0.062767
0.092637
0.107044
0.111425
0.073247
0.085096
0.099129
0.126790
0.067657
0.092040
0.100514
0.067611
0.090284
0.087604
0.097222
0.078402
0.063249
0.099311
0.126834
0.112682
0.085466
0.059048
0.073713
0.082860
0.094970
0.063539
0.107004
0.088684
0.062451
0.123943
0.121369
0.100068
0.105306
0.087704
0.052844
0.061503
0.103517
0.072303
0.080607
0.082715
0.080914
0.140563
0.075393
0.071597
0.094919
0.099180
0.134031
0.099773
0.094033
0.100775
0.051404
0.062047
0.073116
0.089468
0.117036
0.103634
0.085656
0.084541
0.041518
0.100842
0.137105
0.095349
0.088965
0.078572
