0.104319
0.089523
0.078759
0.104868
0.093762
0.084780
0.101609
0.087190
0.099321
0.090478
0.101546
0.079620
0.098004
0.114868
0.081493
0.103572
0.102190
0.085570
0.103631
0.087345
0.078604
0.092705
0.079472
0.084192
0.101248
0.100472
0.081813
0.097964
0.077937
0.083930
0.086473
0.083680
0.098069
0.098517
0.100216
0.079885
0.093225
0.084422
0.084628
0.087652
0.087446
0.098561
0.102890
0.084650
0.073889
0.108096
0.092203
0.099885
0.093788
0.114538
0.083270
0.105669
0.092529
0.104937
0.088253
0.101963
0.104051
0.088228
0.084230
0.100714
0.094759
0.111081
0.089537
0.098937
0.088177
0.101545
0.105361
0.087139
0.091408
0.104148
0.077354
0.085166
0.104235
0.108071
0.102714
0.087310
0.081257
0.091400
0.103605
0.116959
0.093141
0.097051
0.117138
0.101673
0.087054
0.086202
0.086730
0.080008
0.101151
0.088342
0.111692
0.107665
0.099164
0.097419
0.095676
0.080203
0.111467
0.101297
0.087509
0.104123
