0.221577
0.281828
0.295261
0.185183
0.354305
0.326160
0.236387
0.444872
0.367930
0.349043
0.286911
0.424731
0.364971
0.336178
0.305321
0.205433
0.283192
0.392891
0.478169
0.334844
0.282370
0.394092
0.371591
0.419344
0.298250
0.229554
0.308116
0.170961
0.264614
0.278360
0.364635
0.266988
0.353596
0.253027
0.304339
0.202461
0.212269
0.316411
0.370879
0.379585
0.248113
0.274232
0.305793
0.445214
0.263576
0.281261
0.337609
0.219907
0.291422
0.256898
0.339451
0.250275
0.219212
0.302373
0.430546
0.349313
0.271415
0.199380
0.263479
0.260999
0.320412
0.191717
0.354695
0.283244
0.221956
0.392816
0.370417
0.344028
0.340623
0.280471
0.192923
0.224838
0.321562
0.223711
0.250470
0.305465
0.301700
0.448000
0.246312
0.212141
0.309067
0.319680
0.377632
0.326081
0.312725
0.340282
0.178819
0.219584
0.230413
0.308422
0.359266
0.313476
0.279605
0.271709
0.140099
0.370194
0.396301
0.300002
0.291675
0.248589
