0.328254
0.317283
0.296505
0.346005
0.293928
0.284944
0.336377
0.285219
0.312416
0.294835
0.319442
0.295811
0.316315
0.336367
0.285250
0.332050
0.332962
0.282230
0.306469
0.298930
0.296491
0.313891
0.287250
0.288861
0.330511
0.319093
0.284042
0.338508
0.282030
0.317776
0.298727
0.307230
0.311106
0.316087
0.303597
0.296802
0.315276
0.288350
0.293213
0.298601
0.296209
0.317624
0.317395
0.297242
0.287855
0.330325
0.309695
0.324881
0.302730
0.335882
0.290738
0.337319
0.320691
0.319502
0.299579
0.316084
0.330437
0.297909
0.301071
0.317236
0.319701
0.335165
0.296794
0.315992
0.313388
0.321832
0.321561
0.299579
0.295670
0.333057
0.282402
0.311345
0.323794
0.334380
0.319164
0.322433
0.302981
0.291310
0.338483
0.346547
0.303278
0.312819
0.330035
0.332290
0.289513
0.291074
0.301707
0.283147
0.318759
0.304540
0.342864
0.325668
0.323698
0.313100
0.322852
0.294428
0.322196
0.318716
0.286901
0.329427
