0.388843
0.236639
0.275327
0.369900
0.281774
0.365116
0.300641
0.300023
0.315610
0.360211
0.336068
0.431084
0.319051
0.366295
0.288899
0.398643
0.329925
0.383284
0.251859
0.327323
0.376134
0.394296
0.224186
0.258425
0.464917
0.305799
0.384116
0.244351
0.427761
0.358464
0.315901
0.443578
0.360510
0.356869
0.383523
0.389034
0.386889
0.428104
0.421340
0.276418
0.376460
0.405038
0.342709
0.395630
0.330649
0.403098
0.462717
0.283640
0.419353
0.346329
0.279777
0.338487
0.279331
0.313479
0.323022
0.275768
0.466376
0.284918
0.322859
0.321822
0.371356
0.325609
0.323653
0.307160
0.285282
0.337137
0.265229
0.420738
0.306862
0.388683
0.315885
0.436675
0.217271
0.315234
0.244178
0.279287
0.399827
0.358954
0.295634
0.376915
0.318966
0.333678
0.310495
0.432827
0.350151
0.436192
0.385945
0.413231
0.358164
0.401052
0.345985
0.361250
0.350900
0.410908
0.422273
0.275272
0.364699
0.448671
0.209979
0.396119
