0.294956
0.321844
0.307251
0.329513
0.319803
0.312845
0.313217
0.302210
0.303900
0.280892
0.277680
0.315661
0.293150
0.300363
0.333627
0.311440
0.282874
0.299316
0.324667
0.289894
0.309093
0.307748
0.306183
0.306847
0.254092
0.292929
0.291039
0.319045
0.282327
0.299935
0.316704
0.296073
0.309676
0.312938
0.283082
0.320572
0.301571
0.288879
0.315547
0.315123
0.280571
0.294240
0.284756
0.316438
0.315489
0.297785
0.286704
0.307914
0.280245
0.309294
0.316919
0.290188
0.301140
0.311417
0.313660
0.333407
0.301295
0.302722
0.284999
0.310228
0.305102
0.337847
0.305528
0.319933
0.311850
0.337689
0.297415
0.312150
0.299513
0.293935
0.312667
0.285540
0.313202
0.316613
0.322869
0.299851
0.285441
0.274742
0.303810
0.282005
0.336707
0.289895
0.315832
0.307439
0.299808
0.264485
0.286835
0.272201
0.306738
0.301471
0.302152
0.304360
0.326168
0.283794
0.280232
0.307664
0.317765
0.279177
0.299307
0.260740
