0.076092
0.094702
0.085607
0.111820
0.095078
0.085655
0.091966
0.096082
0.099261
0.075860
0.079061
0.097561
0.080902
0.094438
0.101886
0.107018
0.078793
0.094406
0.093024
0.084820
0.091446
0.103301
0.090364
0.089833
0.070475
0.080789
0.086174
0.097040
0.085095
0.095710
0.094107
0.097334
0.097929
0.093555
0.081613
0.108376
0.088094
0.087672
0.100388
0.101307
0.075869
0.088205
0.078496
0.092856
0.093952
0.090510
0.090080
0.092954
0.081023
0.090449
0.086141
0.085536
0.083924
0.099105
0.091472
0.101798
0.101365
0.089780
0.077012
0.091894
0.083636
0.113567
0.085457
0.102183
0.095146
0.111435
0.082901
0.095707
0.082851
0.093340
0.098277
0.080868
0.091646
0.098584
0.095671
0.084034
0.083253
0.072970
0.086639
0.092439
0.114171
0.089571
0.099172
0.092448
0.087406
0.075214
0.087806
0.082559
0.095757
0.097273
0.096088
0.084888
0.097135
0.086953
0.078916
0.089936
0.092153
0.086221
0.085607
0.066075
