0.100312
0.069630
0.076712
0.125525
0.083772
0.099967
0.088273
0.095387
0.103086
0.097281
0.095685
0.133234
0.088050
0.115169
0.088227
0.136983
0.091899
0.120889
0.072163
0.095771
0.111281
0.132352
0.066164
0.075657
0.128949
0.084338
0.113733
0.074321
0.128930
0.114386
0.093869
0.145826
0.114004
0.106688
0.110571
0.131521
0.113017
0.129925
0.134046
0.088864
0.101798
0.121419
0.094472
0.116095
0.098467
0.122519
0.145381
0.085626
0.121241
0.101280
0.076046
0.099773
0.077846
0.099761
0.094202
0.084199
0.156903
0.084500
0.087243
0.095329
0.101797
0.109453
0.090526
0.098104
0.087040
0.111253
0.073929
0.129000
0.084885
0.123427
0.099289
0.123672
0.063576
0.098155
0.072354
0.078271
0.116616
0.095337
0.084307
0.123550
0.108156
0.103099
0.097497
0.130153
0.102083
0.124044
0.118145
0.125333
0.111812
0.129404
0.110027
0.100754
0.104500
0.125901
0.118916
0.080467
0.105765
0.138568
0.060058
0.100381
