0.132434
0.116019
0.115360
0.076820
0.101047
0.093278
0.105462
0.091365
0.109872
0.080326
0.099879
0.123476
0.069895
0.104200
0.098967
0.097436
0.072678
0.118462
0.098721
0.119243
0.100292
0.051824
0.102199
0.091440
0.088286
0.107963
0.086488
0.082545
0.093902
0.101721
0.097199
0.082538
0.117730
0.078777
0.127658
0.093256
0.100548
0.093322
0.066973
0.047371
0.050301
0.065777
0.046858
0.119213
0.077812
0.141250
0.121744
0.074027
0.090367
0.078769
0.084729
0.082467
0.091456
0.115262
0.102607
0.128169
0.092943
0.097859
0.060495
0.126558
0.118592
0.124282
0.115181
0.110059
0.069861
0.083526
0.057256
0.108297
0.106016
0.113049
0.062220
0.116661
0.085915
0.102540
0.093207
0.080436
0.102838
0.104204
0.077726
0.077171
0.094105
0.130132
0.101555
0.094936
0.084230
0.106566
0.110704
0.105678
0.093995
0.100127
0.084622
0.059522
0.093759
0.108542
0.097187
0.113723
0.117299
0.108679
0.097522
0.075166
