0.423406
0.370948
0.355548
0.268117
0.355446
0.285441
0.339025
0.264889
0.346690
0.265001
0.313077
0.401512
0.225198
0.342384
0.327427
0.327328
0.245686
0.366137
0.326100
0.355235
0.341341
0.171629
0.309490
0.335626
0.291330
0.340246
0.258265
0.272709
0.326670
0.306916
0.288416
0.256365
0.371799
0.247619
0.433560
0.306954
0.324702
0.279855
0.224438
0.170146
0.170449
0.208564
0.148451
0.382620
0.261493
0.401228
0.370528
0.240024
0.290964
0.250071
0.256884
0.334596
0.281660
0.371993
0.339561
0.389044
0.302050
0.315293
0.209055
0.411233
0.367053
0.377308
0.343399
0.344841
0.232385
0.272856
0.208533
0.345688
0.338061
0.359035
0.202533
0.370810
0.311462
0.340840
0.326660
0.271114
0.324012
0.327725
0.245149
0.232261
0.276973
0.418285
0.308075
0.279728
0.230992
0.344876
0.354633
0.349897
0.299033
0.310333
0.288723
0.195759
0.295081
0.301972
0.295128
0.390813
0.395353
0.331415
0.309537
0.274448
