0.308262
0.311763
0.305286
0.314923
0.306138
0.343504
0.296329
0.337119
0.317825
0.308415
0.321578
0.305943
0.322023
0.297834
0.316748
0.301462
0.306723
0.311162
0.309530
0.341357
0.309901
0.323566
0.306352
0.301999
0.317668
0.305447
0.321544
0.315392
0.298110
0.320357
0.319934
0.333568
0.296175
0.305786
0.306565
0.316559
0.317368
0.346807
0.309841
0.318810
0.318769
0.319874
0.329037
0.306123
0.302792
0.322809
0.321915
0.319877
0.337960
0.327913
0.333727
0.283889
0.306721
0.329445
0.319414
0.312306
0.321473
0.306203
0.311375
0.294984
0.303122
0.317295
0.316488
0.318108
0.292150
0.303394
0.309891
0.299749
0.326499
0.316082
0.318156
0.305686
0.313164
0.308964
0.306324
0.313771
0.317255
0.319701
0.348640
0.345897
0.341876
0.276434
0.321979
0.331463
0.345059
0.306167
0.316809
0.296263
0.290738
0.316306
0.289496
0.314750
0.313357
0.320224
0.317361
0.287570
0.295309
0.320242
0.316323
0.276491
