0.096419
0.097508
0.099052
0.090230
0.087029
0.112252
0.092180
0.116279
0.100724
0.093485
0.102591
0.094086
0.099946
0.090642
0.095739
0.089736
0.090733
0.100675
0.093704
0.114584
0.091054
0.097701
0.101163
0.082279
0.096268
0.096921
0.107679
0.095464
0.085693
0.106175
0.107821
0.107394
0.093783
0.097282
0.090265
0.096174
0.098277
0.115648
0.092457
0.088762
0.094072
0.100882
0.103858
0.095379
0.090101
0.113643
0.105771
0.098655
0.104963
0.103288
0.110075
0.069969
0.099593
0.102078
0.096519
0.102888
0.098920
0.095038
0.090104
0.090782
0.097937
0.104515
0.106154
0.101527
0.087828
0.092874
0.085085
0.093906
0.102390
0.099524
0.097741
0.096173
0.086384
0.092951
0.087404
0.093092
0.100694
0.101653
0.110538
0.114927
0.116156
0.086001
0.106139
0.112495
0.125824
0.094605
0.098897
0.089479
0.091388
0.102054
0.084849
0.095702
0.099566
0.115103
0.104508
0.083680
0.087616
0.105015
0.099660
0.075725
