0.133038
0.102083
0.100577
0.105987
0.159315
0.077012
0.094927
0.105168
0.113962
0.085885
0.076816
0.095861
0.081778
0.112755
0.066604
0.051845
0.109648
0.095233
0.089557
0.085226
0.103219
0.091291
0.052150
0.120346
0.107537
0.078589
0.115736
0.087087
0.095952
0.081238
0.084632
0.102577
0.109046
0.094260
0.113730
0.153463
0.100125
0.102225
0.122262
0.130262
0.114830
0.083353
0.115301
0.105781
0.132707
0.105140
0.110602
0.099131
0.098942
0.053614
0.082232
0.103043
0.080230
0.119384
0.125091
0.115645
0.118212
0.106929
0.114377
0.127859
0.094145
0.064190
0.147886
0.081704
0.127999
0.083289
0.102635
0.042479
0.129678
0.072661
0.135576
0.104394
0.105753
0.081131
0.074669
0.088634
0.068759
0.093847
0.065302
0.121141
0.085482
0.054933
0.118926
0.061612
0.101956
0.102116
0.081074
0.124832
0.069206
0.112269
0.055852
0.064614
0.106614
0.113463
0.107690
0.112465
0.078919
0.105714
0.101059
0.129018
