0.412306
0.344488
0.305764
0.337167
0.497641
0.248604
0.330566
0.309872
0.378622
0.272115
0.240054
0.321231
0.263555
0.349340
0.220435
0.183066
0.329610
0.300496
0.270925
0.286504
0.301595
0.267626
0.165561
0.376655
0.330851
0.231483
0.347881
0.287018
0.296608
0.257343
0.251683
0.321119
0.318927
0.292570
0.355607
0.446702
0.303111
0.330690
0.369245
0.413043
0.353009
0.257885
0.337201
0.343488
0.380423
0.326507
0.341559
0.340095
0.304854
0.165991
0.258649
0.304260
0.265818
0.348795
0.394112
0.382264
0.358791
0.325233
0.360546
0.415016
0.286585
0.214299
0.439343
0.262418
0.408341
0.257373
0.328427
0.140627
0.374656
0.231952
0.421760
0.346236
0.331479
0.250410
0.251516
0.288947
0.204371
0.295087
0.215127
0.344222
0.283441
0.172456
0.348766
0.213089
0.346813
0.332719
0.238784
0.369116
0.236305
0.333386
0.185253
0.211042
0.350194
0.347983
0.349729
0.357062
0.263667
0.342501
0.310386
0.424096
