0.321933
0.303377
0.300886
0.306353
0.288694
0.316206
0.309031
0.327942
0.297989
0.325238
0.341464
0.306701
0.319158
0.319998
0.315108
0.301339
0.315865
0.330760
0.309483
0.310434
0.328557
0.325241
0.327890
0.309041
0.310898
0.340762
0.305363
0.297255
0.306172
0.314138
0.326872
0.316101
0.305951
0.322512
0.321090
0.306758
0.324223
0.317441
0.321258
0.313096
0.314042
0.337321
0.317149
0.299467
0.322802
0.312414
0.305784
0.292908
0.322811
0.329247
0.326257
0.369590
0.289495
0.320127
0.324462
0.290804
0.302372
0.322987
0.336635
0.295198
0.321574
0.307556
0.315926
0.301889
0.305440
0.332222
0.314402
0.303613
0.331700
0.306676
0.302115
0.292507
0.312463
0.321710
0.309062
0.319831
0.340039
0.307747
0.337558
0.330584
0.293820
0.332213
0.314053
0.319874
0.292329
0.283077
0.326301
0.326684
0.325564
0.318827
0.302540
0.320778
0.299762
0.332332
0.301636
0.306298
0.320740
0.300471
0.312936
0.288588
