0.103878
0.089901
0.098972
0.096301
0.092423
0.097953
0.088743
0.111301
0.089692
0.102652
0.109266
0.091525
0.099031
0.103284
0.095209
0.085340
0.105076
0.104824
0.102302
0.092344
0.112446
0.110945
0.103283
0.098743
0.101052
0.115689
0.101591
0.090193
0.099046
0.099167
0.109916
0.100974
0.104609
0.103907
0.102691
0.105386
0.107099
0.098129
0.106373
0.098741
0.102154
0.109028
0.108445
0.092224
0.112607
0.100602
0.099017
0.085377
0.104770
0.106345
0.103727
0.125168
0.087377
0.109572
0.102984
0.087976
0.099623
0.106191
0.106792
0.090946
0.105639
0.092124
0.106343
0.093993
0.095743
0.107511
0.098252
0.091712
0.114809
0.096068
0.097116
0.088194
0.099687
0.104232
0.091753
0.098107
0.114404
0.097873
0.102466
0.116342
0.088613
0.105821
0.107089
0.092488
0.085939
0.086880
0.110789
0.110482
0.095347
0.107366
0.091212
0.098212
0.091260
0.108360
0.092881
0.096475
0.096002
0.092741
0.101889
0.087794
